6998000
5449000
3517000
3283000
3341000
1883000
1927000
1531000
958000
1129000
1281000
1427000
1464000
1762000
1568000
2166000
2056000
2115000
1947000
2254000
2300000
2450000
2521000
2751000
2629000
2331000
5210000
2695000
2825000
2749000
2979000
3358000
3340000
3807000
4491000
5321000
3760000
4046000
4067000
4081000
3661000
5727000
6781000
5843000
4390000
6390000
5695000
9578000
5999000
6888000
6434000
5415000
6666000
7059000
5334000
7918000
5390000
12425000
10189000
6302000
10665000
5700000
10824000
5810000
11565000
6346000
15383000
7137000
12579000
12771000
10498000
15336000
6836000
11084000
7158000
12351000
8130000
8057000
12786000
10612000
7896000
12445000
11199000
10715000
13405000
9267000
30113000
13769000
8555000
14773000
10524000
15149000
15085000
14749000
9138000
9920000
15342000
9243000
9804000
9808000
119000
214000
302000
388000
469000
569000
737000
748000
836000
924000
1035000
1620000
1223000
2330000
1648000
2973000
1671000
1888000
1971000
1832000
1969000
2677000
2168000
2603000
3671000
2441000
6162000
2662000
2491000
2896000
2971000
3448000
2882000
3250000
3492000
3219000
3689000
4011000
3997000
3611000
4934000
5759000
6274000
4973000
4070000
5939000
4696000
5756000
7881000
6704000
7969000
6951000
5048000
6632000
5047000
7432000
5060000
8012000
5506000
7957000
10518000
5453000
14354000
7278000
16152000
12120000
6237000
10212000
7314000
17718000
7549000
15343000
11086000
13209000
8265000
12061000
7248000
7248000
12595000
8260000
13136000
7552000
12678000
7945000
13585000
13500000
15369000
13722000
8446000
14489000
10605000
8878000
15563000
10005000
9070000
17358000
9751000
9285000
15909000
9788000
119000
250000
306000
387000
470000
652000
1133000
732000
846000
1067000
1686000
1669000
1308000
2454000
1492000
1470000
2148000
1647000
1922000
1876000
2237000
2074000
2664000
2441000
2358000
2579000
2520000
2711000
2828000
2986000
2567000
3046000
3285000
3147000
3237000
3123000
4090000
3901000
3966000
4685000
3693000
5608000
5856000
5552000
4711000
5337000
5530000
5485000
4730000
6051000
6231000
5102000
6335000
9705000
4852000
7034000
9813000
5701000
13674000
9204000
10360000
14870000
11732000
10769000
7827000
15840000
5946000
6810000
9489000
8917000
10469000
8743000
6659000
10779000
10472000
12343000
7120000
13938000
13120000
12300000
10846000
12373000
7756000
19868000
8025000
12816000
13059000
15167000
13597000
8586000
14215000
14058000
14691000
14518000
14008000
18901000
15288000
10258000
16087000
9374000
