10567000
9353000
11515000
16929000
24498000
34415000
44747000
55559000
67058000
86191000
93453000
110677000
123454000
142833000
172831000
189444000
211542000
234902000
255553000
286511000
311545000
341512000
396043000
423707000
68166000
76049000
83992000
87181000
97572000
96421000
104215000
118191000
125266000
132447000
140646000
140626000
154971000
164109000
168618000
176877000
189648000
200631000
217400000
221564000
224069000
232409000
250880000
264929000
267970000
281697000
287066000
315876000
311848000
309283000
347649000
341309000
358030000
363993000
394159000
383691000
404313000
430505000
434482000
462617000
475030000
491961000
527549000
507819000
520900000
537361000
566320000
576055000
602850000
614738000
635110000
638035000
659456000
681197000
682629000
704988000
762508000
762447000
763650000
779864000
804523000
822931000
870081000
871299000
882105000
910912000
946457000
992429000
979415000
990472000
1029649000
1032489000
1067021000
1100564000
1114795000
1144953000
293000
790000
1513000
2505000
3368000
4865000
6108000
8963000
9873000
12127000
13977000
17028000
20402000
22070000
28299000
31865000
43534000
35460000
40301000
43062000
49012000
53286000
60044000
67193000
70968000
76009000
92973000
90111000
96632000
99271000
110969000
109361000
122188000
122203000
140829000
148897000
147033000
162947000
176002000
175952000
184998000
205188000
211897000
221579000
216746000
229502000
241650000
258518000
267497000
280193000
291669000
295519000
329827000
319291000
338215000
344640000
360124000
370382000
379825000
403204000
427553000
418802000
442204000
450260000
474605000
478570000
509789000
516777000
535748000
554193000
559727000
559320000
599099000
644403000
604765000
637773000
663695000
688020000
682085000
711358000
726816000
752361000
768134000
799768000
812181000
833045000
843617000
868905000
877201000
903093000
934129000
942101000
970759000
1005643000
1030478000
1048167000
1050333000
1091808000
1126999000
1130702000
295000
828000
1600000
2367000
3464000
5003000
6738000
11813000
10273000
12144000
19893000
20142000
25522000
22430000
32002000
28949000
34631000
38831000
43180000
57434000
48470000
59564000
68246000
64290000
69842000
79068000
78984000
91663000
96001000
102343000
110783000
109108000
116777000
129098000
144140000
153345000
154470000
172555000
163736000
177723000
185575000
198656000
208684000
215309000
220605000
238387000
254392000
253347000
269163000
286922000
282551000
305644000
314238000
322156000
334921000
348171000
349398000
368732000
391033000
400861000
404098000
429150000
432336000
445573000
470505000
495191000
486507000
513821000
517846000
532172000
559847000
565405000
594867000
613948000
625413000
638724000
647790000
663416000
680203000
702360000
741607000
769955000
760555000
802007000
815236000
820730000
836184000
884222000
902923000
936196000
926493000
929680000
977577000
981076000
1014074000
1081192000
1065993000
1098864000
1084932000
1132733000
