15188000
2473000
4519000
4855000
11772000
4879000
8969000
6092000
15630000
8626000
11622000
14449000
23479000
13836000
13475000
12167000
17525000
23014000
16845000
14967000
20995000
19866000
16708000
23083000
40960000
46416000
25387000
24415000
29436000
46506000
37795000
31355000
28947000
43628000
67704000
57887000
44275000
40815000
40295000
42730000
42327000
65526000
51408000
59709000
48785000
66367000
65990000
72794000
78526000
82792000
80236000
51576000
90566000
93300000
36723000
100355000
84905000
108265000
108561000
46350000
111414000
69316000
119444000
79828000
136462000
75371000
135372000
121404000
134349000
145968000
47754000
155334000
78203000
153602000
74617000
164733000
53330000
152363000
170017000
108908000
183996000
180793000
109762000
165295000
200529000
115612000
194372000
192859000
209714000
193730000
186307000
214930000
141333000
206025000
92162000
170844000
217358000
66989000
132700000
199076000
589000
1376000
1878000
2384000
3396000
4105000
6368000
5576000
6111000
7345000
7677000
9477000
10516000
11010000
12339000
13312000
12736000
16604000
18631000
16441000
16013000
27756000
16971000
17024000
24250000
22002000
47806000
34831000
31244000
36118000
34271000
43458000
29019000
41705000
34350000
39539000
41566000
38950000
40735000
25205000
47648000
51253000
50782000
62670000
39764000
68176000
55633000
71670000
56869000
82996000
55957000
86851000
69401000
85980000
70160000
92837000
64137000
98281000
41163000
93106000
110559000
88104000
119796000
101227000
134566000
126517000
71006000
133316000
97911000
139885000
120980000
141116000
115474000
146023000
104640000
168825000
67581000
209684000
169923000
126059000
181757000
164236000
189002000
170938000
195863000
145425000
192050000
117019000
215304000
200100000
135683000
214834000
211807000
120426000
240525000
219881000
92316000
198172000
218792000
121928000
572000
1182000
1970000
2354000
3320000
4397000
6417000
5283000
6303000
7759000
8916000
16036000
9751000
18065000
14164000
11452000
12756000
12180000
14100000
22882000
22763000
16222000
16543000
20969000
23225000
26891000
21915000
32076000
35812000
33683000
30759000
35563000
39374000
30506000
31976000
31609000
38533000
37159000
41373000
40122000
39072000
49566000
49778000
64387000
49408000
66788000
72082000
78260000
74543000
80962000
78278000
69378000
86094000
96137000
76383000
99224000
99048000
64449000
110021000
96417000
114463000
119166000
118229000
118587000
60299000
125771000
65071000
138795000
146742000
113615000
145456000
70422000
131879000
159262000
102945000
162745000
88830000
155232000
105515000
165190000
116217000
199296000
177672000
179692000
192556000
188667000
192589000
152643000
199250000
187012000
209520000
211640000
214611000
214562000
84773000
233375000
212026000
206463000
221725000
230951000
